144.9343395 -37.79810341
144.9606243 -37.80783716
144.9713492 -37.81434446
144.9760152 -37.83571029
144.9447191 -37.80679129
144.9781 -37.80916429
144.9505641 -37.81448171
144.9638435 -37.81247035
144.9607663 -37.80489288
144.9169983 -37.78430967
144.9791575 -37.81768838
144.9535427 -37.82258101
144.9798614 -37.84457437
144.9300792 -37.79960343
144.9438545 -37.80520807
144.9638435 -37.81247035
144.9643926 -37.8175984
144.9689588 -37.81867875
144.9780288 -37.80928766
144.9580543 -37.80210278
144.9535751 -37.80462045
144.960308 -37.81699194
144.9648906 -37.81537399
144.97468 -37.8090704
144.9726256 -37.81430518
144.9634216 -37.80945582
144.9633005 -37.81556658
144.9578145 -37.81636535
144.9578283 -37.81999301
144.9678646 -37.79982399
144.9583645 -37.78655991
144.9628581 -37.82103935
144.9602916 -37.81485871
144.969924 -37.82991986
144.9418965 -37.82123734
144.9505641 -37.81448171
144.9579933 -37.80987984
144.9449986 -37.82470876
144.9540002 -37.80143002
144.9378512 -37.81316939
144.9627313 -37.80068465
144.9638435 -37.81247035
144.9500818 -37.82070279
144.9578145 -37.81636535
144.9574703 -37.81868413
144.9600638 -37.80241252
144.9505641 -37.81448171
144.9656523 -37.81542132
144.9650858 -37.81764679
144.953522 -37.81541879
144.9524499 -37.82542999
144.9612491 -37.82577326
144.9609259 -37.81625398
144.9628116 -37.81582291
144.9841787 -37.81228396
144.9602242 -37.81467981
144.9621886 -37.81758586
144.9498537 -37.8213316
144.9321178 -37.79676703
144.9574758 -37.8175258
144.9543857 -37.80663746
144.9685037 -37.80645242
144.9518153 -37.79644448
144.9627564 -37.81090175
144.9429537 -37.8193524
144.9681526 -37.81081709
144.966274 -37.83069486
144.9476846 -37.78534929
144.9604247 -37.80735921
144.9659971 -37.81752063
144.9645663 -37.80821792
144.9547634 -37.80542601
144.9589327 -37.81601088
144.9529978 -37.80393266
144.9666233 -37.81632724
144.9626888 -37.81601818
144.9299124 -37.79379919
144.9670695 -37.80992181
144.9570948 -37.81687975
144.9661033 -37.8160086
144.9561818 -37.81652803
144.9601729 -37.81547974
144.9406746 -37.81492163
144.978556 -37.8418807
144.951138 -37.82098672
144.9695523 -37.80771078
144.9492963 -37.8031819
144.9680284 -37.81533971
144.9622952 -37.8226721
144.9659723 -37.81539796
144.9583335 -37.81753764
144.9558441 -37.8182445
144.9727073 -37.81341901
144.9882528 -37.81638611
144.9599838 -37.81451892
144.939206 -37.81524407
144.9703281 -37.80011712
144.97131 -37.81460231
144.9840191 -37.80946758
144.9611833 -37.79688289
