144.9343395 -37.79810341 0.0005
144.9606243 -37.80783716 0.0005
144.9713492 -37.81434446 0.0005
144.9760152 -37.83571029 0.0005
144.9447191 -37.80679129 0.0005
144.9781 -37.80916429 0.0005
144.9505641 -37.81448171 0.0005
144.9638435 -37.81247035 0.0005
144.9607663 -37.80489288 0.0005
144.9169983 -37.78430967 0.0005
144.9791575 -37.81768838 0.0005
144.9535427 -37.82258101 0.0005
144.9798614 -37.84457437 0.0005
144.9300792 -37.79960343 0.0005
144.9438545 -37.80520807 0.0005
144.9638435 -37.81247035 0.0005
144.9643926 -37.8175984 0.0005
144.9689588 -37.81867875 0.0005
144.9780288 -37.80928766 0.0005
144.9580543 -37.80210278 0.0005
144.9535751 -37.80462045 0.0005
144.960308 -37.81699194 0.0005
144.9648906 -37.81537399 0.0005
144.97468 -37.8090704 0.0005
144.9726256 -37.81430518 0.0005
144.9634216 -37.80945582 0.0005
144.9633005 -37.81556658 0.0005
144.9578145 -37.81636535 0.0005
144.9578283 -37.81999301 0.0005
144.9678646 -37.79982399 0.0005
144.9583645 -37.78655991 0.0005
144.9628581 -37.82103935 0.0005
144.9602916 -37.81485871 0.0005
144.969924 -37.82991986 0.0005
144.9418965 -37.82123734 0.0005
144.9505641 -37.81448171 0.0005
144.9579933 -37.80987984 0.0005
144.9449986 -37.82470876 0.0005
144.9540002 -37.80143002 0.0005
144.9378512 -37.81316939 0.0005
144.9627313 -37.80068465 0.0005
144.9638435 -37.81247035 0.0005
144.9500818 -37.82070279 0.0005
144.9578145 -37.81636535 0.0005
144.9574703 -37.81868413 0.0005
144.9600638 -37.80241252 0.0005
144.9505641 -37.81448171 0.0005
144.9656523 -37.81542132 0.0005
144.9650858 -37.81764679 0.0005
144.953522 -37.81541879 0.0005
144.9524499 -37.82542999 0.0005
144.9612491 -37.82577326 0.0005
144.9609259 -37.81625398 0.0005
144.9628116 -37.81582291 0.0005
144.9841787 -37.81228396 0.0005
144.9602242 -37.81467981 0.0005
144.9621886 -37.81758586 0.0005
144.9498537 -37.8213316 0.0005
144.9321178 -37.79676703 0.0005
144.9574758 -37.8175258 0.0005
144.9543857 -37.80663746 0.0005
144.9685037 -37.80645242 0.0005
144.9518153 -37.79644448 0.0005
144.9627564 -37.81090175 0.0005
144.9429537 -37.8193524 0.0005
144.9681526 -37.81081709 0.0005
144.966274 -37.83069486 0.0005
144.9476846 -37.78534929 0.0005
144.9604247 -37.80735921 0.0005
144.9659971 -37.81752063 0.0005
144.9645663 -37.80821792 0.0005
144.9547634 -37.80542601 0.0005
144.9589327 -37.81601088 0.0005
144.9529978 -37.80393266 0.0005
144.9666233 -37.81632724 0.0005
144.9626888 -37.81601818 0.0005
144.9299124 -37.79379919 0.0005
144.9670695 -37.80992181 0.0005
144.9570948 -37.81687975 0.0005
144.9661033 -37.8160086 0.0005
144.9561818 -37.81652803 0.0005
144.9601729 -37.81547974 0.0005
144.9406746 -37.81492163 0.0005
144.978556 -37.8418807 0.0005
144.951138 -37.82098672 0.0005
144.9695523 -37.80771078 0.0005
144.9492963 -37.8031819 0.0005
144.9680284 -37.81533971 0.0005
144.9622952 -37.8226721 0.0005
144.9659723 -37.81539796 0.0005
144.9583335 -37.81753764 0.0005
144.9558441 -37.8182445 0.0005
144.9727073 -37.81341901 0.0005
144.9882528 -37.81638611 0.0005
144.9599838 -37.81451892 0.0005
144.939206 -37.81524407 0.0005
144.9703281 -37.80011712 0.0005
144.97131 -37.81460231 0.0005
144.9840191 -37.80946758 0.0005
144.9611833 -37.79688289 0.0005
